b int a;
a <- 4;
int 23 = 25;
int 23++; 
int sum;
int a + 23; 
